target_date,jam,target_datetime,lead_hours,lead_bucket,mission,location_personality,microclimate_profile,atmospheric_mode,predictability,dominant_category,dominant_category_probability,category_disagreement,sources_used,source_ids,coverage_fraction,temp_p05,temp_p10,temp_p25,temp_p50,temp_p75,temp_p90,temp_p95,temp_micro_p50,temp_micro_adjustment,rh_p10,rh_p50,rh_p90,rh_micro_p50,rh_micro_adjustment,rain_p05,rain_p10,rain_p25,rain_p50,rain_p75,rain_p90,rain_p95,prob_rain,prob_moderate_heavy_rain,prob_heavy_rain,wind_p50,wind_p90,gust_p90,heat_index_p50,heat_index_p90,cloud_p50,cape_p50,visibility_p10,analog_probability,analog_cases,direct_hit_risk,nearby_rain_risk,rain_displacement_risk,spatial_uncertainty,rain_threat_score,rain_threat_level,heavy_rain_threat_score,heavy_rain_threat_level,wind_threat_score,wind_threat_level,heat_discomfort_threat_score,heat_discomfort_threat_level,low_visibility_threat_score,low_visibility_threat_level,thunderstorm_proxy_threat_score,thunderstorm_proxy_threat_level,uncertainty_score,forecast_stress_index,forecast_failure_risk,self_doubt_score,main_failure_mode,scenario_dry_miss,scenario_nearby_rain_only,scenario_direct_light_rain,scenario_direct_moderate_rain,scenario_convective_burst,walking_score,motorbike_score,outdoor_event_score,fieldwork_score,laundry_score,sport_score,trust_level,operational_status,autopilot_route,confidence_score_base,source_health_mean,gap_mean_minutes,decision_recommendation,expert_council,counterfactual_summary,forecast_contract_summary,explanation,dew_point_c,apparent_temperature_c,pressure_msl_hpa,surface_pressure_hpa,wind_direction_deg,uv_index,grid_sampling_status,grid_points_used,grid_rain_point_fraction,grid_max_rain_mm,grid_center_rain_mm,grid_direct_hit_risk,grid_nearby_rain_risk,grid_spatial_uncertainty,sentinel_public_version,official_warning_disclaimer,calibration_status,verification_cases,risk_score_basis,public_safety_note
2026-08-29,00:00,2026-08-29T00:00:00+07:00,0.0,lead_0_3h,safety_first,lowland_heat_humidity,lowland_agriculture,MIXED_LOCAL_ATMOSPHERE,HIGH,Cerah Berawan,65.9,34.1,7,CMA+ECMWF+GFS+ICON+KMA+METEOFRANCE+UKMO,0.778,22.8,22.8,22.9,23.3,24.1,26.2,26.2,23.3,0.0,56.0,65.0,81.0,65.0,0.0,0.0,0.0,0.0,0.0,0.0,0.0,0.0,0.5,0.0,0.0,6.1,14.2,25.6,23.3,26.2,48.0,0.0,24140.0,0.5,50,6.9,10.4,11.8,27.6,14.7,LOW,1.5,LOW,56.9,MEDIUM,0.0,LOW,0.0,LOW,17.8,LOW,15.1,18.9,17.4,20.0,low_failure_risk_non_rain,88.3,4.3,4.3,1.4,1.7,8,5,7,8,5,8,TRUSTED,GREEN,analog_memory_blend_route,75.8,0.996,0.0,Risiko relatif terkendali; keputusan normal masih masuk akal dengan pemantauan berkala.,"Local Signal Analyst: sinyal hujan belum dominan, tetapi tetap membaca tail-risk dari P90/P95. | Uncertainty Auditor: agreement relatif masih dapat diterima untuk keputusan umum. | Analog Memory Analyst: 50 kasus lokal historis/feedback ikut memodifikasi peluang hujan. | Decision Judge: mission=safety_first → Risiko relatif terkendali; keputusan normal masih masuk akal dengan pemantauan berkala.",Faktor pengubah utama belum dominan; forecast relatif dikendalikan oleh consensus source.,Boleh dipakai untuk rencana umum; tetap bukan peringatan resmi cuaca ekstrem.,"Sentinel memilih interpretasi ini karena mode atmosfer MIXED_LOCAL_ATMOSPHERE; 7 source aktif. Grid sampling: nearby rain fraction 0.0, max rain 0 mm.",17.4,25.2,1014.4,1012.9,159.0,0.0,ok,9,0.0,0,0,0.0,0.0,0.0,sentinel-x-public-operational-v2,"Bukan peringatan resmi. Untuk cuaca ekstrem, ikuti informasi BMKG dan kondisi setempat.",VERIFIED_ENOUGH_DATA,1080,observation_verified,Decision support only; not an official warning.
2026-08-29,01:00,2026-08-29T01:00:00+07:00,0.0,lead_0_3h,safety_first,lowland_heat_humidity,lowland_agriculture,MIXED_LOCAL_ATMOSPHERE,HIGH,Cerah Berawan,49.7,50.3,7,CMA+ECMWF+GFS+ICON+KMA+METEOFRANCE+UKMO,0.778,22.2,22.2,22.3,22.7,23.6,25.7,25.7,22.7,0.0,59.0,68.0,82.0,68.0,0.0,0.0,0.0,0.0,0.0,0.0,0.0,0.0,0.5,0.0,0.0,5.9,15.0,24.8,22.7,25.7,64.0,0.0,24120.0,0.5,50,7.4,12.2,14.4,37.0,16.2,LOW,2.0,LOW,55.1,MEDIUM,0.0,LOW,0.0,LOW,20.0,LOW,20.4,23.5,21.4,26.9,low_failure_risk_non_rain,87.2,5.1,4.1,1.4,2.2,8,5,7,8,4,8,TRUSTED,GREEN,analog_memory_blend_route,71.5,0.996,0.0,Risiko relatif terkendali; keputusan normal masih masuk akal dengan pemantauan berkala.,"Local Signal Analyst: sinyal hujan belum dominan, tetapi tetap membaca tail-risk dari P90/P95. | Uncertainty Auditor: agreement relatif masih dapat diterima untuk keputusan umum. | Analog Memory Analyst: 50 kasus lokal historis/feedback ikut memodifikasi peluang hujan. | Decision Judge: mission=safety_first → Risiko relatif terkendali; keputusan normal masih masuk akal dengan pemantauan berkala.","Jika kategori antar-source lebih sepakat, trust level akan naik.",Boleh dipakai untuk rencana umum; tetap bukan peringatan resmi cuaca ekstrem.,"Sentinel memilih interpretasi ini karena mode atmosfer MIXED_LOCAL_ATMOSPHERE; 7 source aktif. Grid sampling: nearby rain fraction 0.0, max rain 0 mm.",17.5,24.8,1013.9,1012.4,164.0,0.0,ok,9,0.0,0,0,0.0,0.0,0.0,sentinel-x-public-operational-v2,"Bukan peringatan resmi. Untuk cuaca ekstrem, ikuti informasi BMKG dan kondisi setempat.",VERIFIED_ENOUGH_DATA,1080,observation_verified,Decision support only; not an official warning.
2026-08-29,02:00,2026-08-29T02:00:00+07:00,0.0,lead_0_3h,safety_first,lowland_heat_humidity,lowland_agriculture,MIXED_LOCAL_ATMOSPHERE,HIGH,Cerah Berawan,51.5,48.5,7,CMA+ECMWF+GFS+ICON+KMA+METEOFRANCE+UKMO,0.778,21.5,21.5,21.8,22.3,23.4,25.4,25.4,22.3,0.0,62.0,69.0,82.0,69.0,0.0,0.0,0.0,0.0,0.0,0.0,0.0,0.0,0.0,0.0,0.0,6.2,14.9,26.3,22.3,25.4,74.0,0.0,24040.0,0.0,50,7.3,11.9,14.1,35.9,16.0,LOW,2.0,LOW,58.4,MEDIUM,0.0,LOW,0.0,LOW,21.2,LOW,19.8,22.9,20.8,26.0,low_failure_risk_non_rain,87.5,4.9,4.0,1.4,2.2,8,5,7,8,4,8,TRUSTED,GREEN,analog_memory_blend_route,72.0,0.996,0.0,Risiko relatif terkendali; keputusan normal masih masuk akal dengan pemantauan berkala.,"Local Signal Analyst: sinyal hujan belum dominan, tetapi tetap membaca tail-risk dari P90/P95. | Uncertainty Auditor: agreement relatif masih dapat diterima untuk keputusan umum. | Analog Memory Analyst: 50 kasus lokal historis/feedback ikut memodifikasi peluang hujan. | Decision Judge: mission=safety_first → Risiko relatif terkendali; keputusan normal masih masuk akal dengan pemantauan berkala.",Faktor pengubah utama belum dominan; forecast relatif dikendalikan oleh consensus source.,Boleh dipakai untuk rencana umum; tetap bukan peringatan resmi cuaca ekstrem.,"Sentinel memilih interpretasi ini karena mode atmosfer MIXED_LOCAL_ATMOSPHERE; 7 source aktif. Grid sampling: nearby rain fraction 0.0, max rain 0 mm.",17.5,24.4,1013.5,1012.0,166.0,0.0,ok,9,0.0,0,0,0.0,0.0,0.0,sentinel-x-public-operational-v2,"Bukan peringatan resmi. Untuk cuaca ekstrem, ikuti informasi BMKG dan kondisi setempat.",VERIFIED_ENOUGH_DATA,1080,observation_verified,Decision support only; not an official warning.
2026-08-29,03:00,2026-08-29T03:00:00+07:00,0.0,lead_0_3h,safety_first,lowland_heat_humidity,lowland_agriculture,MIXED_LOCAL_ATMOSPHERE,HIGH,Cerah Berawan,51.5,48.5,7,CMA+ECMWF+GFS+ICON+KMA+METEOFRANCE+UKMO,0.778,20.8,20.8,21.4,21.8,23.3,25.1,25.1,21.8,0.0,64.0,71.0,82.0,71.0,0.0,0.0,0.0,0.0,0.0,0.0,0.0,0.0,0.0,0.0,0.0,5.6,15.0,26.3,21.8,25.1,79.0,0.0,23280.0,0.0,50,7.5,12.1,14.1,35.9,16.4,LOW,2.0,LOW,58.4,MEDIUM,0.0,LOW,0.0,LOW,22.1,LOW,19.8,22.9,20.8,26.0,low_failure_risk_non_rain,87.5,4.9,4.0,1.4,2.2,8,5,7,8,3,8,TRUSTED,GREEN,analog_memory_blend_route,72.0,0.996,0.0,Risiko relatif terkendali; keputusan normal masih masuk akal dengan pemantauan berkala.,"Local Signal Analyst: sinyal hujan belum dominan, tetapi tetap membaca tail-risk dari P90/P95. | Uncertainty Auditor: agreement relatif masih dapat diterima untuk keputusan umum. | Analog Memory Analyst: 50 kasus lokal historis/feedback ikut memodifikasi peluang hujan. | Decision Judge: mission=safety_first → Risiko relatif terkendali; keputusan normal masih masuk akal dengan pemantauan berkala.",Faktor pengubah utama belum dominan; forecast relatif dikendalikan oleh consensus source.,Boleh dipakai untuk rencana umum; tetap bukan peringatan resmi cuaca ekstrem.,"Sentinel memilih interpretasi ini karena mode atmosfer MIXED_LOCAL_ATMOSPHERE; 7 source aktif. Grid sampling: nearby rain fraction 0.0, max rain 0 mm.",17.5,24.0,1013.1,1011.6,169.0,0.0,ok,9,0.0,0,0,0.0,0.0,0.0,sentinel-x-public-operational-v2,"Bukan peringatan resmi. Untuk cuaca ekstrem, ikuti informasi BMKG dan kondisi setempat.",VERIFIED_ENOUGH_DATA,1080,observation_verified,Decision support only; not an official warning.
2026-08-29,04:00,2026-08-29T04:00:00+07:00,0.0,lead_0_3h,safety_first,lowland_heat_humidity,lowland_agriculture,MIXED_LOCAL_ATMOSPHERE,HIGH,Berawan,37.2,62.8,7,CMA+ECMWF+GFS+ICON+KMA+METEOFRANCE+UKMO,0.778,20.6,20.6,21.1,21.4,23.4,24.9,24.9,21.4,0.0,66.0,74.0,82.0,76.0,2.0,0.0,0.0,0.0,0.0,0.0,0.0,0.0,0.0,0.0,0.0,5.0,14.6,26.3,21.4,24.9,75.0,0.0,22160.0,0.0,50,7.8,13.6,16.4,44.1,17.7,LOW,2.5,LOW,58.4,MEDIUM,0.0,LOW,0.0,LOW,22.3,LOW,24.5,26.9,24.3,32.1,category_disagreement_error,86.4,5.8,3.9,1.3,2.6,8,4,7,7,3,7,TRUSTED,GREEN,analog_memory_blend_route,68.3,0.996,0.0,Risiko relatif terkendali; keputusan normal masih masuk akal dengan pemantauan berkala.,"Local Signal Analyst: sinyal hujan belum dominan, tetapi tetap membaca tail-risk dari P90/P95. | Uncertainty Auditor: agreement relatif masih dapat diterima untuk keputusan umum. | Analog Memory Analyst: 50 kasus lokal historis/feedback ikut memodifikasi peluang hujan. | Decision Judge: mission=safety_first → Risiko relatif terkendali; keputusan normal masih masuk akal dengan pemantauan berkala.","Jika kategori antar-source lebih sepakat, trust level akan naik.",Boleh dipakai untuk rencana umum; tetap bukan peringatan resmi cuaca ekstrem.,"Sentinel memilih interpretasi ini karena mode atmosfer MIXED_LOCAL_ATMOSPHERE; 7 source aktif. Grid sampling: nearby rain fraction 0.0, max rain 0 mm.",17.6,23.9,1013.1,1011.6,168.0,0.0,ok,9,0.0,0,0,0.0,0.0,0.0,sentinel-x-public-operational-v2,"Bukan peringatan resmi. Untuk cuaca ekstrem, ikuti informasi BMKG dan kondisi setempat.",VERIFIED_ENOUGH_DATA,1080,observation_verified,Decision support only; not an official warning.
2026-08-29,05:00,2026-08-29T05:00:00+07:00,0.0,lead_0_3h,safety_first,lowland_heat_humidity,lowland_agriculture,MIXED_LOCAL_ATMOSPHERE,HIGH,Cerah Berawan,51.5,48.5,7,CMA+ECMWF+GFS+ICON+KMA+METEOFRANCE+UKMO,0.778,21.0,21.0,21.1,21.2,23.6,24.7,24.7,21.2,0.0,67.0,74.0,82.0,76.0,2.0,0.0,0.0,0.0,0.0,0.0,0.0,0.0,0.0,0.0,0.0,5.8,14.2,25.6,21.2,24.7,52.0,0.0,22280.0,0.0,50,7.7,12.2,14.1,35.9,16.9,LOW,2.0,LOW,56.9,MEDIUM,0.0,LOW,0.0,LOW,20.0,LOW,19.8,22.9,20.8,26.0,low_failure_risk_non_rain,87.5,4.9,4.0,1.4,2.2,8,5,7,7,5,7,TRUSTED,GREEN,analog_memory_blend_route,72.6,0.996,0.0,Risiko relatif terkendali; keputusan normal masih masuk akal dengan pemantauan berkala.,"Local Signal Analyst: sinyal hujan belum dominan, tetapi tetap membaca tail-risk dari P90/P95. | Uncertainty Auditor: agreement relatif masih dapat diterima untuk keputusan umum. | Analog Memory Analyst: 50 kasus lokal historis/feedback ikut memodifikasi peluang hujan. | Decision Judge: mission=safety_first → Risiko relatif terkendali; keputusan normal masih masuk akal dengan pemantauan berkala.",Faktor pengubah utama belum dominan; forecast relatif dikendalikan oleh consensus source.,Boleh dipakai untuk rencana umum; tetap bukan peringatan resmi cuaca ekstrem.,"Sentinel memilih interpretasi ini karena mode atmosfer MIXED_LOCAL_ATMOSPHERE; 7 source aktif. Grid sampling: nearby rain fraction 0.0, max rain 0 mm.",17.7,24.0,1013.4,1011.9,172.0,0.0,ok,9,0.0,0,0,0.0,0.0,0.0,sentinel-x-public-operational-v2,"Bukan peringatan resmi. Untuk cuaca ekstrem, ikuti informasi BMKG dan kondisi setempat.",VERIFIED_ENOUGH_DATA,1080,observation_verified,Decision support only; not an official warning.
2026-08-29,06:00,2026-08-29T06:00:00+07:00,0.0,lead_0_3h,safety_first,lowland_heat_humidity,lowland_agriculture,STABLE_LOW_RAIN,HIGH,Cerah Berawan,65.9,34.1,7,CMA+ECMWF+GFS+ICON+KMA+METEOFRANCE+UKMO,0.778,21.0,21.0,21.1,22.5,24.0,24.5,24.5,22.5,0.0,68.0,71.0,81.0,73.0,2.0,0.0,0.0,0.0,0.0,0.0,0.0,0.0,0.0,0.0,0.0,6.5,14.2,24.8,22.5,24.5,20.0,0.0,23000.0,0.0,50,7.3,10.8,11.8,27.6,15.5,LOW,1.5,LOW,55.1,MEDIUM,0.0,LOW,0.0,LOW,16.2,LOW,15.1,18.9,17.3,20.0,low_failure_risk_non_rain,88.4,4.2,4.3,1.4,1.7,8,5,7,8,7,8,TRUSTED,GREEN,analog_memory_blend_route,75.7,0.996,0.0,Risiko relatif terkendali; keputusan normal masih masuk akal dengan pemantauan berkala.,"Local Signal Analyst: sinyal hujan belum dominan, tetapi tetap membaca tail-risk dari P90/P95. | Uncertainty Auditor: agreement relatif masih dapat diterima untuk keputusan umum. | Analog Memory Analyst: 50 kasus lokal historis/feedback ikut memodifikasi peluang hujan. | Decision Judge: mission=safety_first → Risiko relatif terkendali; keputusan normal masih masuk akal dengan pemantauan berkala.",Faktor pengubah utama belum dominan; forecast relatif dikendalikan oleh consensus source.,Boleh dipakai untuk rencana umum; tetap bukan peringatan resmi cuaca ekstrem.,"Sentinel memilih interpretasi ini karena mode atmosfer STABLE_LOW_RAIN; 7 source aktif. Grid sampling: nearby rain fraction 0.0, max rain 0 mm.",17.6,24.3,1014.1,1012.6,176.0,0.0,ok,9,0.0,0,0,0.0,0.0,0.0,sentinel-x-public-operational-v2,"Bukan peringatan resmi. Untuk cuaca ekstrem, ikuti informasi BMKG dan kondisi setempat.",VERIFIED_ENOUGH_DATA,1080,observation_verified,Decision support only; not an official warning.
2026-08-29,07:00,2026-08-29T07:00:00+07:00,0.0,lead_0_3h,safety_first,lowland_heat_humidity,lowland_agriculture,STABLE_LOW_RAIN,HIGH,Cerah,60.9,39.1,7,CMA+ECMWF+GFS+ICON+KMA+METEOFRANCE+UKMO,0.778,22.0,22.0,23.9,24.1,24.7,25.3,25.3,24.1,0.0,60.0,66.0,78.0,68.0,2.0,0.0,0.0,0.0,0.0,0.0,0.0,0.0,0.0,0.0,0.0,4.7,13.9,25.2,24.1,25.3,1.0,0.0,24140.0,0.0,50,6.9,10.9,12.6,30.5,14.9,LOW,1.7,LOW,56.0,MEDIUM,0.0,LOW,0.0,LOW,13.3,LOW,16.8,20.4,18.6,22.2,low_failure_risk_non_rain,88.3,4.2,4.2,1.4,1.9,8,5,7,8,8,8,TRUSTED,GREEN,analog_memory_blend_route,74.5,0.996,0.0,"Window relatif baik untuk aktivitas luar ruang, tetapi tetap cek update menjelang siang.","Local Signal Analyst: sinyal hujan belum dominan, tetapi tetap membaca tail-risk dari P90/P95. | Uncertainty Auditor: agreement relatif masih dapat diterima untuk keputusan umum. | Analog Memory Analyst: 50 kasus lokal historis/feedback ikut memodifikasi peluang hujan. | Decision Judge: mission=safety_first → Window relatif baik untuk aktivitas luar ruang, tetapi tetap cek update menjelang siang.",Faktor pengubah utama belum dominan; forecast relatif dikendalikan oleh consensus source.,Boleh dipakai untuk rencana umum; tetap bukan peringatan resmi cuaca ekstrem.,"Sentinel memilih interpretasi ini karena mode atmosfer STABLE_LOW_RAIN; 7 source aktif. Grid sampling: nearby rain fraction 0.0, max rain 0 mm.",17.7,26.1,1014.5,1013.0,174.0,0.6,ok,9,0.0,0,0,0.0,0.0,0.0,sentinel-x-public-operational-v2,"Bukan peringatan resmi. Untuk cuaca ekstrem, ikuti informasi BMKG dan kondisi setempat.",VERIFIED_ENOUGH_DATA,1080,observation_verified,Decision support only; not an official warning.
2026-08-29,08:00,2026-08-29T08:00:00+07:00,0.0,lead_0_3h,safety_first,lowland_heat_humidity,lowland_agriculture,MIXED_LOCAL_ATMOSPHERE,HIGH,Cerah,47.3,52.7,7,CMA+ECMWF+GFS+ICON+KMA+METEOFRANCE+UKMO,0.778,25.7,25.7,26.0,26.4,27.1,27.4,27.4,26.4,0.0,48.0,57.0,72.0,57.0,0.0,0.0,0.0,0.0,0.0,0.0,0.0,0.0,0.0,0.0,0.0,4.9,14.7,28.1,26.4,27.99,69.0,0.0,24140.0,0.0,50,6.4,11.6,14.8,38.3,14.1,LOW,2.1,LOW,62.4,HIGH,11.0,LOW,0.0,LOW,18.3,LOW,21.2,24.1,21.9,27.8,low_failure_risk_non_rain,87.1,5.2,4.0,1.4,2.3,7,5,7,7,4,7,TRUSTED,GREEN,analog_memory_blend_route,71.2,0.996,0.0,"Window relatif baik untuk aktivitas luar ruang, tetapi tetap cek update menjelang siang.","Local Signal Analyst: sinyal hujan belum dominan, tetapi tetap membaca tail-risk dari P90/P95. | Uncertainty Auditor: agreement relatif masih dapat diterima untuk keputusan umum. | Analog Memory Analyst: 50 kasus lokal historis/feedback ikut memodifikasi peluang hujan. | Decision Judge: mission=safety_first → Window relatif baik untuk aktivitas luar ruang, tetapi tetap cek update menjelang siang.","Jika kategori antar-source lebih sepakat, trust level akan naik.",Boleh dipakai untuk rencana umum; tetap bukan peringatan resmi cuaca ekstrem.,"Sentinel memilih interpretasi ini karena mode atmosfer MIXED_LOCAL_ATMOSPHERE; 7 source aktif. Grid sampling: nearby rain fraction 0.0, max rain 0 mm.",17.4,28.1,1014.9,1013.4,152.0,2.2,ok,9,0.0,0,0,0.0,0.0,0.0,sentinel-x-public-operational-v2,"Bukan peringatan resmi. Untuk cuaca ekstrem, ikuti informasi BMKG dan kondisi setempat.",VERIFIED_ENOUGH_DATA,1080,observation_verified,Decision support only; not an official warning.
2026-08-29,09:00,2026-08-29T09:00:00+07:00,0.0,lead_0_3h,safety_first,lowland_heat_humidity,lowland_agriculture,STABLE_LOW_RAIN,HIGH,Cerah,58.7,41.3,7,CMA+ECMWF+GFS+ICON+KMA+METEOFRANCE+UKMO,0.778,27.6,27.6,27.7,29.3,29.4,30.1,30.1,29.3,0.0,39.0,47.0,63.0,47.0,0.0,0.0,0.0,0.0,0.0,0.0,0.0,0.0,0.0,0.0,0.0,8.9,15.3,31.0,29.68,30.1,6.0,0.0,24140.0,0.0,50,5.4,9.9,12.9,31.7,11.6,LOW,1.8,LOW,68.9,HIGH,34.4,LOW,0.0,LOW,10.0,LOW,17.5,21.0,19.1,23.1,low_failure_risk_non_rain,88.1,4.4,4.1,1.4,2.0,7,5,8,7,8,6,TRUSTED,GREEN,analog_memory_blend_route,73.9,0.996,0.0,"Window relatif baik untuk aktivitas luar ruang, tetapi tetap cek update menjelang siang.","Local Signal Analyst: sinyal hujan belum dominan, tetapi tetap membaca tail-risk dari P90/P95. | Uncertainty Auditor: agreement relatif masih dapat diterima untuk keputusan umum. | Analog Memory Analyst: 50 kasus lokal historis/feedback ikut memodifikasi peluang hujan. | Decision Judge: mission=safety_first → Window relatif baik untuk aktivitas luar ruang, tetapi tetap cek update menjelang siang.",Faktor pengubah utama belum dominan; forecast relatif dikendalikan oleh consensus source.,Boleh dipakai untuk rencana umum; tetap bukan peringatan resmi cuaca ekstrem.,"Sentinel memilih interpretasi ini karena mode atmosfer STABLE_LOW_RAIN; 7 source aktif. Grid sampling: nearby rain fraction 0.0, max rain 0 mm.",16.7,30.0,1014.9,1013.4,127.0,4.5,ok,9,0.0,0,0,0.0,0.0,0.0,sentinel-x-public-operational-v2,"Bukan peringatan resmi. Untuk cuaca ekstrem, ikuti informasi BMKG dan kondisi setempat.",VERIFIED_ENOUGH_DATA,1080,observation_verified,Decision support only; not an official warning.
2026-08-29,10:00,2026-08-29T10:00:00+07:00,0.0,lead_0_3h,safety_first,lowland_heat_humidity,lowland_agriculture,STABLE_LOW_RAIN,HIGH,Cerah,58.7,41.3,7,CMA+ECMWF+GFS+ICON+KMA+METEOFRANCE+UKMO,0.778,29.0,29.0,29.5,31.1,31.4,32.3,32.3,31.1,0.0,33.0,40.0,56.0,40.0,0.0,0.0,0.0,0.0,0.0,0.0,0.0,0.0,0.0,0.0,0.0,12.5,15.0,31.7,31.1,32.3,12.0,0.0,24140.0,0.0,50,4.8,9.4,12.9,31.7,10.4,LOW,1.8,LOW,70.4,HIGH,58.9,MEDIUM,0.0,LOW,9.2,LOW,17.5,21.0,19.1,23.1,low_failure_risk_non_rain,88.1,4.4,4.1,1.4,2.0,6,5,8,6,8,5,TRUSTED,GREEN,analog_memory_blend_route,73.8,0.996,0.0,"Window relatif baik untuk aktivitas luar ruang, tetapi tetap cek update menjelang siang.","Local Signal Analyst: sinyal hujan belum dominan, tetapi tetap membaca tail-risk dari P90/P95. | Uncertainty Auditor: agreement relatif masih dapat diterima untuk keputusan umum. | Analog Memory Analyst: 50 kasus lokal historis/feedback ikut memodifikasi peluang hujan. | Decision Judge: mission=safety_first → Window relatif baik untuk aktivitas luar ruang, tetapi tetap cek update menjelang siang.",Faktor pengubah utama belum dominan; forecast relatif dikendalikan oleh consensus source.,Boleh dipakai untuk rencana umum; tetap bukan peringatan resmi cuaca ekstrem.,"Sentinel memilih interpretasi ini karena mode atmosfer STABLE_LOW_RAIN; 7 source aktif. Grid sampling: nearby rain fraction 0.0, max rain 0 mm.",16.1,32.3,1014.5,1013.0,113.0,6.5,ok,9,0.0,0,0,0.0,0.0,0.0,sentinel-x-public-operational-v2,"Bukan peringatan resmi. Untuk cuaca ekstrem, ikuti informasi BMKG dan kondisi setempat.",VERIFIED_ENOUGH_DATA,1080,observation_verified,Decision support only; not an official warning.
2026-08-29,11:00,2026-08-29T11:00:00+07:00,0.0,lead_0_3h,safety_first,lowland_heat_humidity,lowland_agriculture,STABLE_LOW_RAIN,HIGH,Cerah Berawan,51.5,48.5,7,CMA+ECMWF+GFS+ICON+KMA+METEOFRANCE+UKMO,0.778,30.3,30.3,30.4,32.4,32.8,33.9,33.9,32.4,0.0,30.0,37.0,51.0,37.0,0.0,0.0,0.0,0.0,0.0,0.0,0.0,0.0,0.0,0.0,0.0,15.0,17.4,32.8,32.4,33.9,10.0,0.0,24140.0,0.0,50,4.7,9.9,14.1,35.9,10.2,LOW,2.0,LOW,72.9,HIGH,76.7,HIGH,0.0,LOW,8.4,LOW,19.8,22.9,20.8,26.0,low_failure_risk_non_rain,87.5,4.9,4.0,1.4,2.2,5,4,8,6,8,4,TRUSTED,GREEN,analog_memory_blend_route,72.0,0.996,0.0,"Window relatif baik untuk aktivitas luar ruang, tetapi tetap cek update menjelang siang.","Local Signal Analyst: sinyal hujan belum dominan, tetapi tetap membaca tail-risk dari P90/P95. | Uncertainty Auditor: agreement relatif masih dapat diterima untuk keputusan umum. | Analog Memory Analyst: 50 kasus lokal historis/feedback ikut memodifikasi peluang hujan. | Decision Judge: mission=safety_first → Window relatif baik untuk aktivitas luar ruang, tetapi tetap cek update menjelang siang.",Faktor pengubah utama belum dominan; forecast relatif dikendalikan oleh consensus source.,Boleh dipakai untuk rencana umum; tetap bukan peringatan resmi cuaca ekstrem.,"Sentinel memilih interpretasi ini karena mode atmosfer STABLE_LOW_RAIN; 7 source aktif. Grid sampling: nearby rain fraction 0.0, max rain 0 mm.",16.0,33.7,1013.5,1012.0,100.0,8.0,ok,9,0.0,0,0,0.0,0.0,0.0,sentinel-x-public-operational-v2,"Bukan peringatan resmi. Untuk cuaca ekstrem, ikuti informasi BMKG dan kondisi setempat.",VERIFIED_ENOUGH_DATA,1080,observation_verified,Decision support only; not an official warning.
2026-08-29,12:00,2026-08-29T12:00:00+07:00,0.0,lead_0_3h,safety_first,lowland_heat_humidity,lowland_agriculture,STABLE_LOW_RAIN,HIGH,Cerah Berawan,51.5,48.5,7,CMA+ECMWF+GFS+ICON+KMA+METEOFRANCE+UKMO,0.778,30.9,30.9,31.3,33.1,33.3,33.4,33.4,33.5,0.4,35.0,38.0,46.0,38.0,0.0,0.0,0.0,0.0,0.0,0.0,0.0,0.0,0.0,0.0,0.0,15.5,28.5,36.7,33.1,34.26,33.0,0.0,24140.0,0.0,50,4.7,10.0,14.1,35.9,10.4,LOW,2.0,LOW,81.6,VERY_HIGH,80.7,VERY_HIGH,0.0,LOW,10.9,LOW,19.8,22.9,20.8,26.0,low_failure_risk_non_rain,87.5,4.9,4.0,1.4,2.2,5,4,8,5,7,4,TRUSTED,GREEN,analog_memory_blend_route,72.3,0.996,0.0,Risiko relatif terkendali; keputusan normal masih masuk akal dengan pemantauan berkala.,"Local Signal Analyst: sinyal hujan belum dominan, tetapi tetap membaca tail-risk dari P90/P95. | Uncertainty Auditor: agreement relatif masih dapat diterima untuk keputusan umum. | Analog Memory Analyst: 50 kasus lokal historis/feedback ikut memodifikasi peluang hujan. | Decision Judge: mission=safety_first → Risiko relatif terkendali; keputusan normal masih masuk akal dengan pemantauan berkala.",Faktor pengubah utama belum dominan; forecast relatif dikendalikan oleh consensus source.,Boleh dipakai untuk rencana umum; tetap bukan peringatan resmi cuaca ekstrem.,"Sentinel memilih interpretasi ini karena mode atmosfer STABLE_LOW_RAIN; 7 source aktif. Grid sampling: nearby rain fraction 0.0, max rain 0 mm.",16.5,34.0,1012.5,1011.0,89.0,8.7,ok,9,0.0,0,0,0.0,0.0,0.0,sentinel-x-public-operational-v2,"Bukan peringatan resmi. Untuk cuaca ekstrem, ikuti informasi BMKG dan kondisi setempat.",VERIFIED_ENOUGH_DATA,1080,observation_verified,Decision support only; not an official warning.
2026-08-29,13:00,2026-08-29T13:00:00+07:00,0.0,lead_0_3h,safety_first,lowland_heat_humidity,lowland_agriculture,STABLE_LOW_RAIN,HIGH,Cerah Berawan,51.5,48.5,7,CMA+ECMWF+GFS+ICON+KMA+METEOFRANCE+UKMO,0.778,31.2,31.2,31.5,32.2,32.7,33.8,33.8,32.6,0.4,36.0,42.0,45.0,42.0,0.0,0.0,0.0,0.0,0.0,0.0,0.0,0.0,1.0,0.0,0.0,16.5,27.2,40.7,32.95,33.96,26.0,0.0,24140.0,1.0,50,5.3,10.4,14.2,36.0,11.7,LOW,2.0,LOW,90.4,VERY_HIGH,77.3,HIGH,0.0,LOW,11.0,LOW,19.8,23.0,21.0,26.1,low_failure_risk_non_rain,87.2,5.1,4.1,1.4,2.2,5,3,8,5,7,4,TRUSTED,GREEN,analog_memory_blend_route,72.6,0.996,0.0,Risiko relatif terkendali; keputusan normal masih masuk akal dengan pemantauan berkala.,"Local Signal Analyst: sinyal hujan belum dominan, tetapi tetap membaca tail-risk dari P90/P95. | Uncertainty Auditor: agreement relatif masih dapat diterima untuk keputusan umum. | Analog Memory Analyst: 50 kasus lokal historis/feedback ikut memodifikasi peluang hujan. | Decision Judge: mission=safety_first → Risiko relatif terkendali; keputusan normal masih masuk akal dengan pemantauan berkala.",Faktor pengubah utama belum dominan; forecast relatif dikendalikan oleh consensus source.,Boleh dipakai untuk rencana umum; tetap bukan peringatan resmi cuaca ekstrem.,"Sentinel memilih interpretasi ini karena mode atmosfer STABLE_LOW_RAIN; 7 source aktif. Grid sampling: nearby rain fraction 0.0, max rain 0 mm.",17.3,34.1,1011.6,1010.1,79.0,8.4,ok,9,0.0,0,0,0.0,0.0,0.0,sentinel-x-public-operational-v2,"Bukan peringatan resmi. Untuk cuaca ekstrem, ikuti informasi BMKG dan kondisi setempat.",VERIFIED_ENOUGH_DATA,1080,observation_verified,Decision support only; not an official warning.
2026-08-29,14:00,2026-08-29T14:00:00+07:00,0.0,lead_0_3h,safety_first,lowland_heat_humidity,lowland_agriculture,STABLE_LOW_RAIN,HIGH,Cerah Berawan,67.0,33.0,7,CMA+ECMWF+GFS+ICON+KMA+METEOFRANCE+UKMO,0.778,31.1,31.1,31.4,31.7,32.2,33.7,33.7,32.1,0.4,39.0,44.0,48.0,44.0,0.0,0.0,0.0,0.0,0.0,0.0,0.0,0.0,1.5,0.0,0.0,18.7,22.2,41.4,33.17,33.7,20.0,0.0,24140.0,1.5,50,5.4,9.3,11.8,27.1,11.4,LOW,1.5,LOW,92.0,VERY_HIGH,74.4,HIGH,0.0,LOW,10.8,LOW,14.8,18.7,17.3,19.7,low_failure_risk_non_rain,88.3,4.3,4.3,1.4,1.7,5,3,8,6,7,4,TRUSTED,GREEN,analog_memory_blend_route,76.3,0.996,0.0,Risiko relatif terkendali; keputusan normal masih masuk akal dengan pemantauan berkala.,"Local Signal Analyst: sinyal hujan belum dominan, tetapi tetap membaca tail-risk dari P90/P95. | Uncertainty Auditor: agreement relatif masih dapat diterima untuk keputusan umum. | Analog Memory Analyst: 50 kasus lokal historis/feedback ikut memodifikasi peluang hujan. | Decision Judge: mission=safety_first → Risiko relatif terkendali; keputusan normal masih masuk akal dengan pemantauan berkala.",Faktor pengubah utama belum dominan; forecast relatif dikendalikan oleh consensus source.,Boleh dipakai untuk rencana umum; tetap bukan peringatan resmi cuaca ekstrem.,"Sentinel memilih interpretasi ini karena mode atmosfer STABLE_LOW_RAIN; 7 source aktif. Grid sampling: nearby rain fraction 0.0, max rain 0 mm.",18.2,33.9,1010.8,1009.3,71.0,7.3,ok,9,0.0,0,0,0.0,0.0,0.0,sentinel-x-public-operational-v2,"Bukan peringatan resmi. Untuk cuaca ekstrem, ikuti informasi BMKG dan kondisi setempat.",VERIFIED_ENOUGH_DATA,1080,observation_verified,Decision support only; not an official warning.
2026-08-29,15:00,2026-08-29T15:00:00+07:00,0.0,lead_0_3h,safety_first,lowland_heat_humidity,lowland_agriculture,STABLE_LOW_RAIN,HIGH,Cerah Berawan,48.5,51.5,7,CMA+ECMWF+GFS+ICON+KMA+METEOFRANCE+UKMO,0.778,30.5,30.5,30.8,30.9,31.5,32.8,32.8,31.3,0.4,45.0,48.0,54.0,48.0,0.0,0.0,0.0,0.0,0.0,0.0,0.0,0.0,2.0,0.0,0.0,18.7,23.2,40.0,32.68,34.59,15.0,10.0,24140.0,2.0,50,6.1,11.3,14.7,37.8,13.4,LOW,2.1,LOW,88.9,VERY_HIGH,84.3,VERY_HIGH,0.0,LOW,11.3,LOW,20.8,23.8,21.8,27.4,low_failure_risk_non_rain,86.7,5.6,4.0,1.4,2.3,5,3,7,5,7,3,TRUSTED,GREEN,analog_memory_blend_route,72.0,0.996,0.0,Risiko relatif terkendali; keputusan normal masih masuk akal dengan pemantauan berkala.,"Local Signal Analyst: sinyal hujan belum dominan, tetapi tetap membaca tail-risk dari P90/P95. | Uncertainty Auditor: agreement relatif masih dapat diterima untuk keputusan umum. | Analog Memory Analyst: 50 kasus lokal historis/feedback ikut memodifikasi peluang hujan. | Decision Judge: mission=safety_first → Risiko relatif terkendali; keputusan normal masih masuk akal dengan pemantauan berkala.","Jika kategori antar-source lebih sepakat, trust level akan naik.",Boleh dipakai untuk rencana umum; tetap bukan peringatan resmi cuaca ekstrem.,"Sentinel memilih interpretasi ini karena mode atmosfer STABLE_LOW_RAIN; 7 source aktif. Grid sampling: nearby rain fraction 0.0, max rain 0 mm.",19.2,32.8,1010.1,1008.6,67.0,5.7,ok,9,0.0,0,0,0.0,0.0,0.0,sentinel-x-public-operational-v2,"Bukan peringatan resmi. Untuk cuaca ekstrem, ikuti informasi BMKG dan kondisi setempat.",VERIFIED_ENOUGH_DATA,1080,observation_verified,Decision support only; not an official warning.
2026-08-29,16:00,2026-08-29T16:00:00+07:00,0.0,lead_0_3h,safety_first,lowland_heat_humidity,lowland_agriculture,STABLE_LOW_RAIN,HIGH,Cerah,60.9,39.1,7,CMA+ECMWF+GFS+ICON+KMA+METEOFRANCE+UKMO,0.778,29.3,29.3,29.7,29.9,30.5,31.5,31.5,30.3,0.4,50.0,52.0,60.0,52.0,0.0,0.0,0.0,0.0,0.0,0.0,0.0,0.0,2.0,0.0,0.0,17.9,20.8,37.1,32.08,33.47,2.0,10.0,24140.0,2.0,50,6.2,10.4,12.8,30.7,13.4,LOW,1.7,LOW,82.4,VERY_HIGH,71.9,HIGH,0.0,LOW,10.8,LOW,16.8,20.4,18.9,22.3,low_failure_risk_non_rain,87.8,4.7,4.2,1.4,1.9,5,4,7,6,8,4,TRUSTED,GREEN,analog_memory_blend_route,74.8,0.996,0.0,Risiko relatif terkendali; keputusan normal masih masuk akal dengan pemantauan berkala.,"Local Signal Analyst: sinyal hujan belum dominan, tetapi tetap membaca tail-risk dari P90/P95. | Uncertainty Auditor: agreement relatif masih dapat diterima untuk keputusan umum. | Analog Memory Analyst: 50 kasus lokal historis/feedback ikut memodifikasi peluang hujan. | Decision Judge: mission=safety_first → Risiko relatif terkendali; keputusan normal masih masuk akal dengan pemantauan berkala.",Faktor pengubah utama belum dominan; forecast relatif dikendalikan oleh consensus source.,Boleh dipakai untuk rencana umum; tetap bukan peringatan resmi cuaca ekstrem.,"Sentinel memilih interpretasi ini karena mode atmosfer STABLE_LOW_RAIN; 7 source aktif. Grid sampling: nearby rain fraction 0.0, max rain 0 mm.",19.8,31.5,1010.0,1008.5,67.0,3.5,ok,9,0.0,0,0,0.0,0.0,0.0,sentinel-x-public-operational-v2,"Bukan peringatan resmi. Untuk cuaca ekstrem, ikuti informasi BMKG dan kondisi setempat.",VERIFIED_ENOUGH_DATA,1080,observation_verified,Decision support only; not an official warning.
2026-08-29,17:00,2026-08-29T17:00:00+07:00,0.0,lead_0_3h,safety_first,lowland_heat_humidity,lowland_agriculture,STABLE_LOW_RAIN,HIGH,Cerah,61.7,38.3,9,BMKG+CMA+ECMWF+GFS+ICON+KMA+METEOFRANCE+METNO+UKMO,1.0,26.0,28.0,28.1,28.7,29.2,30.3,30.3,28.7,0.0,54.0,58.0,66.0,58.0,0.0,0.0,0.0,0.0,0.0,0.0,0.0,0.0,0.5,0.0,0.0,12.96,16.6,33.8,30.75,32.21,14.0,10.0,24140.0,0.5,50,6.4,10.4,12.5,30.0,13.7,LOW,2.1,LOW,75.1,HIGH,57.9,MEDIUM,0.0,LOW,13.2,LOW,19.9,20.0,17.0,22.1,low_failure_risk_non_rain,87.2,5.1,4.1,1.4,2.2,6,4,8,6,7,5,HIGHLY_TRUSTED,GREEN,analog_memory_blend_route,86.0,0.993,33.3,Risiko relatif terkendali; keputusan normal masih masuk akal dengan pemantauan berkala.,"Local Signal Analyst: sinyal hujan belum dominan, tetapi tetap membaca tail-risk dari P90/P95. | Uncertainty Auditor: agreement relatif masih dapat diterima untuk keputusan umum. | Analog Memory Analyst: 50 kasus lokal historis/feedback ikut memodifikasi peluang hujan. | Decision Judge: mission=safety_first → Risiko relatif terkendali; keputusan normal masih masuk akal dengan pemantauan berkala.",Faktor pengubah utama belum dominan; forecast relatif dikendalikan oleh consensus source.,Boleh dipakai untuk rencana umum; tetap bukan peringatan resmi cuaca ekstrem.,"Sentinel memilih interpretasi ini karena mode atmosfer STABLE_LOW_RAIN; 9 source aktif. Grid sampling: nearby rain fraction 0.0, max rain 0 mm.",20.1,30.9,1010.4,1008.9,70.0,1.4,ok,9,0.0,0,0,0.0,0.0,0.0,sentinel-x-public-operational-v2,"Bukan peringatan resmi. Untuk cuaca ekstrem, ikuti informasi BMKG dan kondisi setempat.",VERIFIED_ENOUGH_DATA,1080,observation_verified,Decision support only; not an official warning.
2026-08-29,18:00,2026-08-29T18:00:00+07:00,0.0,lead_0_3h,safety_first,lowland_heat_humidity,lowland_agriculture,MIXED_LOCAL_ATMOSPHERE,HIGH,Cerah,47.6,52.4,9,BMKG+CMA+ECMWF+GFS+ICON+KMA+METEOFRANCE+METNO+UKMO,1.0,26.0,26.3,27.3,27.7,28.2,29.1,29.1,27.7,0.0,59.0,64.0,72.0,64.0,0.0,0.0,0.0,0.0,0.0,0.0,0.0,0.0,0.0,0.0,0.0,11.7,13.5,29.2,29.57,31.05,48.0,0.0,24140.0,0.0,50,6.9,11.9,14.7,38.1,15.3,LOW,2.3,LOW,64.9,HIGH,45.0,MEDIUM,0.0,LOW,17.6,LOW,23.2,23.6,19.9,27.4,low_failure_risk_non_rain,86.6,5.6,4.0,1.3,2.5,6,4,7,6,5,5,HIGHLY_TRUSTED,GREEN,analog_memory_blend_route,83.2,0.993,20.0,Risiko relatif terkendali; keputusan normal masih masuk akal dengan pemantauan berkala.,"Local Signal Analyst: sinyal hujan belum dominan, tetapi tetap membaca tail-risk dari P90/P95. | Uncertainty Auditor: agreement relatif masih dapat diterima untuk keputusan umum. | Analog Memory Analyst: 50 kasus lokal historis/feedback ikut memodifikasi peluang hujan. | Decision Judge: mission=safety_first → Risiko relatif terkendali; keputusan normal masih masuk akal dengan pemantauan berkala.","Jika kategori antar-source lebih sepakat, trust level akan naik.",Boleh dipakai untuk rencana umum; tetap bukan peringatan resmi cuaca ekstrem.,"Sentinel memilih interpretasi ini karena mode atmosfer MIXED_LOCAL_ATMOSPHERE; 9 source aktif. Grid sampling: nearby rain fraction 0.0, max rain 0 mm.",20.3,30.1,1011.1,1009.6,78.0,0.1,ok,9,0.0,0,0,0.0,0.0,0.0,sentinel-x-public-operational-v2,"Bukan peringatan resmi. Untuk cuaca ekstrem, ikuti informasi BMKG dan kondisi setempat.",VERIFIED_ENOUGH_DATA,1080,observation_verified,Decision support only; not an official warning.
2026-08-29,19:00,2026-08-29T19:00:00+07:00,0.0,lead_0_3h,safety_first,lowland_heat_humidity,lowland_agriculture,MIXED_LOCAL_ATMOSPHERE,HIGH,Cerah Berawan,62.4,37.6,9,BMKG+CMA+ECMWF+GFS+ICON+KMA+METEOFRANCE+METNO+UKMO,1.0,25.6,25.6,26.2,27.0,28.0,28.3,28.3,27.0,0.0,62.1,68.0,77.0,68.0,0.0,0.0,0.0,0.0,0.0,0.0,0.0,0.0,0.0,0.0,0.0,9.5,12.96,23.8,28.9,30.28,53.0,0.0,24140.0,0.0,50,7.1,10.9,12.3,29.6,15.2,LOW,1.7,LOW,52.9,MEDIUM,36.4,MEDIUM,0.0,LOW,18.9,LOW,17.0,19.0,15.8,20.5,low_failure_risk_non_rain,88.2,4.3,4.2,1.4,1.9,6,5,7,7,5,6,HIGHLY_TRUSTED,GREEN,analog_memory_blend_route,88.3,0.993,6.7,Risiko relatif terkendali; keputusan normal masih masuk akal dengan pemantauan berkala.,"Local Signal Analyst: sinyal hujan belum dominan, tetapi tetap membaca tail-risk dari P90/P95. | Uncertainty Auditor: agreement relatif masih dapat diterima untuk keputusan umum. | Analog Memory Analyst: 50 kasus lokal historis/feedback ikut memodifikasi peluang hujan. | Decision Judge: mission=safety_first → Risiko relatif terkendali; keputusan normal masih masuk akal dengan pemantauan berkala.",Faktor pengubah utama belum dominan; forecast relatif dikendalikan oleh consensus source.,Boleh dipakai untuk rencana umum; tetap bukan peringatan resmi cuaca ekstrem.,"Sentinel memilih interpretasi ini karena mode atmosfer MIXED_LOCAL_ATMOSPHERE; 9 source aktif. Grid sampling: nearby rain fraction 0.0, max rain 0 mm.",20.6,29.7,1012.0,1010.5,91.0,0.0,ok,9,0.0,0,0,0.0,0.0,0.0,sentinel-x-public-operational-v2,"Bukan peringatan resmi. Untuk cuaca ekstrem, ikuti informasi BMKG dan kondisi setempat.",VERIFIED_ENOUGH_DATA,1080,observation_verified,Decision support only; not an official warning.
2026-08-29,20:00,2026-08-29T20:00:00+07:00,0.92,lead_0_3h,safety_first,lowland_heat_humidity,lowland_agriculture,MIXED_LOCAL_ATMOSPHERE,HIGH,Cerah Berawan,60.1,39.9,9,BMKG+CMA+ECMWF+GFS+ICON+KMA+METEOFRANCE+METNO+UKMO,1.0,25.3,25.3,25.9,26.4,26.7,27.9,27.9,26.4,0.0,62.8,69.0,76.0,69.0,0.0,0.0,0.0,0.0,0.0,0.0,0.0,0.0,0.0,0.0,0.0,7.1,14.76,21.2,26.4,29.98,56.0,0.0,23800.0,0.0,50,7.3,10.6,11.6,29.5,15.4,LOW,1.4,LOW,47.1,MEDIUM,33.1,LOW,0.0,LOW,19.4,LOW,14.1,14.6,13.3,18.9,low_failure_risk_non_rain,88.4,4.3,4.3,1.4,1.6,6,5,8,7,5,6,HIGHLY_TRUSTED,GREEN,analog_memory_blend_route,88.5,0.993,0.0,Risiko relatif terkendali; keputusan normal masih masuk akal dengan pemantauan berkala.,"Local Signal Analyst: sinyal hujan belum dominan, tetapi tetap membaca tail-risk dari P90/P95. | Uncertainty Auditor: agreement relatif masih dapat diterima untuk keputusan umum. | Analog Memory Analyst: 50 kasus lokal historis/feedback ikut memodifikasi peluang hujan. | Decision Judge: mission=safety_first → Risiko relatif terkendali; keputusan normal masih masuk akal dengan pemantauan berkala.",Faktor pengubah utama belum dominan; forecast relatif dikendalikan oleh consensus source.,Boleh dipakai untuk rencana umum; tetap bukan peringatan resmi cuaca ekstrem.,"Sentinel memilih interpretasi ini karena mode atmosfer MIXED_LOCAL_ATMOSPHERE; 9 source aktif. Grid sampling: nearby rain fraction 0.0, max rain 0 mm.",20.6,29.4,1012.9,1011.4,110.0,0.0,ok,9,0.0,0,0,0.0,0.0,0.0,sentinel-x-public-operational-v2,"Bukan peringatan resmi. Untuk cuaca ekstrem, ikuti informasi BMKG dan kondisi setempat.",VERIFIED_ENOUGH_DATA,1080,observation_verified,Decision support only; not an official warning.
2026-08-29,21:00,2026-08-29T21:00:00+07:00,1.92,lead_0_3h,safety_first,lowland_heat_humidity,lowland_agriculture,MIXED_LOCAL_ATMOSPHERE,HIGH,Cerah Berawan,50.0,50.0,9,BMKG+CMA+ECMWF+GFS+ICON+KMA+METEOFRANCE+METNO+UKMO,1.0,24.9,24.9,25.3,25.4,27.6,27.6,27.6,25.4,0.0,63.8,69.0,82.0,69.0,0.0,0.0,0.0,0.0,0.0,0.0,0.0,0.0,0.0,0.0,0.0,7.9,18.36,20.5,25.4,29.58,53.0,0.0,24140.0,0.0,50,7.4,11.6,13.2,35.4,16.0,LOW,1.8,LOW,45.6,MEDIUM,28.7,LOW,0.0,LOW,19.1,LOW,18.1,17.6,16.0,23.4,low_failure_risk_non_rain,87.9,4.5,4.2,1.4,2.0,7,5,7,7,5,6,HIGHLY_TRUSTED,GREEN,analog_memory_blend_route,85.0,0.993,6.7,Risiko relatif terkendali; keputusan normal masih masuk akal dengan pemantauan berkala.,"Local Signal Analyst: sinyal hujan belum dominan, tetapi tetap membaca tail-risk dari P90/P95. | Uncertainty Auditor: agreement relatif masih dapat diterima untuk keputusan umum. | Analog Memory Analyst: 50 kasus lokal historis/feedback ikut memodifikasi peluang hujan. | Decision Judge: mission=safety_first → Risiko relatif terkendali; keputusan normal masih masuk akal dengan pemantauan berkala.","Jika kategori antar-source lebih sepakat, trust level akan naik.",Boleh dipakai untuk rencana umum; tetap bukan peringatan resmi cuaca ekstrem.,"Sentinel memilih interpretasi ini karena mode atmosfer MIXED_LOCAL_ATMOSPHERE; 9 source aktif. Grid sampling: nearby rain fraction 0.0, max rain 0 mm.",20.1,28.8,1013.5,1012.0,138.0,0.0,ok,9,0.0,0,0,0.0,0.0,0.0,sentinel-x-public-operational-v2,"Bukan peringatan resmi. Untuk cuaca ekstrem, ikuti informasi BMKG dan kondisi setempat.",VERIFIED_ENOUGH_DATA,1080,observation_verified,Decision support only; not an official warning.
2026-08-29,22:00,2026-08-29T22:00:00+07:00,2.92,lead_0_3h,safety_first,lowland_heat_humidity,lowland_agriculture,STABLE_LOW_RAIN,HIGH,Cerah Berawan,50.0,50.0,9,BMKG+CMA+ECMWF+GFS+ICON+KMA+METEOFRANCE+METNO+UKMO,1.0,24.0,24.0,24.4,24.8,26.5,27.3,27.3,24.8,0.0,64.0,72.0,84.0,72.0,0.0,0.0,0.0,0.0,0.0,0.0,0.0,0.0,0.5,0.0,0.0,6.6,18.0,19.8,24.8,28.9,41.0,0.0,24140.0,0.5,50,7.8,11.8,13.2,35.4,16.8,LOW,1.8,LOW,44.0,MEDIUM,21.1,LOW,0.0,LOW,18.5,LOW,18.1,17.7,16.1,23.5,low_failure_risk_non_rain,87.8,4.6,4.2,1.4,2.0,7,5,7,7,5,6,HIGHLY_TRUSTED,GREEN,analog_memory_blend_route,85.0,0.993,6.7,Risiko relatif terkendali; keputusan normal masih masuk akal dengan pemantauan berkala.,"Local Signal Analyst: sinyal hujan belum dominan, tetapi tetap membaca tail-risk dari P90/P95. | Uncertainty Auditor: agreement relatif masih dapat diterima untuk keputusan umum. | Analog Memory Analyst: 50 kasus lokal historis/feedback ikut memodifikasi peluang hujan. | Decision Judge: mission=safety_first → Risiko relatif terkendali; keputusan normal masih masuk akal dengan pemantauan berkala.","Jika kategori antar-source lebih sepakat, trust level akan naik.",Boleh dipakai untuk rencana umum; tetap bukan peringatan resmi cuaca ekstrem.,"Sentinel memilih interpretasi ini karena mode atmosfer STABLE_LOW_RAIN; 9 source aktif. Grid sampling: nearby rain fraction 0.0, max rain 0 mm.",19.5,27.8,1014.0,1012.5,155.0,0.0,ok,9,0.0,0,0,0.0,0.0,0.0,sentinel-x-public-operational-v2,"Bukan peringatan resmi. Untuk cuaca ekstrem, ikuti informasi BMKG dan kondisi setempat.",VERIFIED_ENOUGH_DATA,1080,observation_verified,Decision support only; not an official warning.
2026-08-29,23:00,2026-08-29T23:00:00+07:00,3.92,lead_3_6h,safety_first,lowland_heat_humidity,lowland_agriculture,STABLE_LOW_RAIN,HIGH,Berawan,40.3,59.7,9,BMKG+CMA+ECMWF+GFS+ICON+KMA+METEOFRANCE+METNO+UKMO,1.0,24.0,24.0,24.0,24.0,25.2,26.9,26.9,24.0,0.0,63.0,72.0,76.0,72.0,0.0,0.0,0.0,0.0,0.0,0.0,0.0,0.0,0.5,0.0,0.0,7.0,15.84,19.8,24.0,28.17,31.0,0.0,23900.0,0.5,50,7.8,12.7,14.8,41.0,17.3,LOW,2.1,LOW,44.0,MEDIUM,13.0,LOW,0.0,LOW,17.5,LOW,20.6,20.2,18.2,27.2,low_failure_risk_non_rain,87.2,5.1,4.1,1.4,2.2,7,5,7,7,6,7,HIGHLY_TRUSTED,GREEN,analog_memory_blend_route,83.7,0.993,0.0,Risiko relatif terkendali; keputusan normal masih masuk akal dengan pemantauan berkala.,"Local Signal Analyst: sinyal hujan belum dominan, tetapi tetap membaca tail-risk dari P90/P95. | Uncertainty Auditor: agreement relatif masih dapat diterima untuk keputusan umum. | Analog Memory Analyst: 50 kasus lokal historis/feedback ikut memodifikasi peluang hujan. | Decision Judge: mission=safety_first → Risiko relatif terkendali; keputusan normal masih masuk akal dengan pemantauan berkala.","Jika kategori antar-source lebih sepakat, trust level akan naik.",Boleh dipakai untuk rencana umum; tetap bukan peringatan resmi cuaca ekstrem.,"Sentinel memilih interpretasi ini karena mode atmosfer STABLE_LOW_RAIN; 9 source aktif. Grid sampling: nearby rain fraction 0.0, max rain 0 mm.",19.1,27.0,1013.8,1012.3,161.0,0.0,ok,9,0.0,0,0,0.0,0.0,0.0,sentinel-x-public-operational-v2,"Bukan peringatan resmi. Untuk cuaca ekstrem, ikuti informasi BMKG dan kondisi setempat.",VERIFIED_ENOUGH_DATA,1080,observation_verified,Decision support only; not an official warning.
